SET -28.000000 0.000000 -28.000000 -3.141593 -3.141593 -3.141593 0
SET -20.000000 0.000000 -28.000000 -3.141593 -3.141593 -3.141593 0
SET -12.000000 0.000000 -28.000000 -3.141593 -3.141593 -3.141593 0
SET -4.000000 0.000000 -28.000000 -3.141593 -3.141593 -3.141593 0
SET 4.000000 0.000000 -28.000000 -3.141593 -3.141593 -3.141593 0
SET 12.000000 0.000000 -28.000000 -3.141593 -3.141593 -3.141593 0
SET 20.000000 0.000000 -28.000000 -3.141593 -3.141593 -3.141593 0
SET 28.000000 0.000000 -28.000000 -3.141593 -3.141593 -3.141593 0
SET 28.000000 0.000000 -20.000000 -3.141593 -3.141593 -3.141593 0
SET 28.000000 0.000000 -12.000000 -3.141593 -3.141593 -3.141593 0
SET 28.000000 0.000000 -4.000000 -3.141593 -3.141593 -3.141593 0
SET 28.000000 0.000000 4.000000 -3.141593 -3.141593 -3.141593 0
SET 28.000000 0.000000 12.000000 -3.141593 -3.141593 -3.141593 0
SET 28.000000 0.000000 20.000000 -3.141593 -3.141593 -3.141593 0
SET 28.000000 0.000000 28.000000 -3.141593 -3.141593 -3.141593 0
SET 20.000000 0.000000 28.000000 -3.141593 -3.141593 -3.141593 0
SET 12.000000 0.000000 28.000000 -3.141593 -3.141593 -3.141593 0
SET 4.000000 0.000000 28.000000 -3.141593 -3.141593 -3.141593 0
SET -4.000000 0.000000 28.000000 -3.141593 -3.141593 -3.141593 0
SET -12.000000 0.000000 28.000000 -3.141593 -3.141593 -3.141593 0
SET -20.000000 0.000000 28.000000 -3.141593 -3.141593 -3.141593 0
SET -28.000000 0.000000 28.000000 -3.141593 -3.141593 -3.141593 0
SET -28.000000 0.000000 20.000000 -3.141593 -3.141593 -3.141593 0
SET -28.000000 0.000000 12.000000 -3.141593 -3.141593 -3.141593 0
SET -28.000000 0.000000 4.000000 -3.141593 -3.141593 -3.141593 0
SET -28.000000 0.000000 -4.000000 -3.141593 -3.141593 -3.141593 0
SET -28.000000 0.000000 -12.000000 -3.141593 -3.141593 -3.141593 0
SET -28.000000 0.000000 -20.000000 -3.141593 -3.141593 -3.141593 0
SET -20.000000 0.000000 -20.000000 -3.141593 -3.141593 -3.141593 0
SET -12.000000 0.000000 -20.000000 -3.141593 -3.141593 -3.141593 0
SET -4.000000 0.000000 -20.000000 -3.141593 -3.141593 -3.141593 0
SET 4.000000 0.000000 -20.000000 -3.141593 -3.141593 -3.141593 0
SET 12.000000 0.000000 -20.000000 -3.141593 -3.141593 -3.141593 0
SET 20.000000 0.000000 -20.000000 -3.141593 -3.141593 -3.141593 0
SET 20.000000 0.000000 -12.000000 -3.141593 -3.141593 -3.141593 0
SET 20.000000 0.000000 -4.000000 -3.141593 -3.141593 -3.141593 0
SET 20.000000 0.000000 4.000000 -3.141593 -3.141593 -3.141593 0
SET 20.000000 0.000000 12.000000 -3.141593 -3.141593 -3.141593 0
SET 20.000000 0.000000 20.000000 -3.141593 -3.141593 -3.141593 0
SET 12.000000 0.000000 20.000000 -3.141593 -3.141593 -3.141593 0
SET 4.000000 0.000000 20.000000 -3.141593 -3.141593 -3.141593 0
SET -4.000000 0.000000 20.000000 -3.141593 -3.141593 -3.141593 0
SET -12.000000 0.000000 20.000000 -3.141593 -3.141593 -3.141593 0
SET -20.000000 0.000000 20.000000 -3.141593 -3.141593 -3.141593 0
SET -20.000000 0.000000 12.000000 -3.141593 -3.141593 -3.141593 0
SET -20.000000 0.000000 4.000000 -3.141593 -3.141593 -3.141593 0
SET -20.000000 0.000000 -4.000000 -3.141593 -3.141593 -3.141593 0
SET -20.000000 0.000000 -12.000000 -3.141593 -3.141593 -3.141593 0
SET -12.000000 0.000000 -12.000000 -3.141593 -3.141593 -3.141593 0
SET -4.000000 0.000000 -12.000000 -3.141593 -3.141593 -3.141593 0
SET 4.000000 0.000000 -12.000000 -3.141593 -3.141593 -3.141593 0
SET 12.000000 0.000000 -12.000000 -3.141593 -3.141593 -3.141593 0
SET 12.000000 0.000000 -4.000000 -3.141593 -3.141593 -3.141593 0
SET 12.000000 0.000000 4.000000 -3.141593 -3.141593 -3.141593 0
SET 12.000000 0.000000 12.000000 -3.141593 -3.141593 -3.141593 0
SET 4.000000 0.000000 12.000000 -3.141593 -3.141593 -3.141593 0
SET -4.000000 0.000000 12.000000 -3.141593 -3.141593 -3.141593 0
SET -12.000000 0.000000 12.000000 -3.141593 -3.141593 -3.141593 0
SET -12.000000 0.000000 4.000000 -3.141593 -3.141593 -3.141593 0
SET -12.000000 0.000000 -4.000000 -3.141593 -3.141593 -3.141593 0
SET -4.000000 0.000000 -4.000000 -3.141593 -3.141593 -3.141593 0
SET 4.000000 0.000000 -4.000000 -3.141593 -3.141593 -3.141593 0
SET 4.000000 0.000000 4.000000 -3.141593 -3.141593 -3.141593 0
SET -4.000000 0.000000 4.000000 -3.141593 -3.141593 -3.141593 0
SET 36.000000 0.000000 -28.000000 -3.141593 -3.141593 -3.141593 0
SET 44.000000 0.000000 -28.000000 -3.141593 -3.141593 -3.141593 0
SET 36.000000 0.000000 -20.000000 -3.141593 -3.141593 -3.141593 0
SET 44.000000 0.000000 -20.000000 -3.141593 -3.141593 -3.141593 0
SET 44.000000 0.000000 -12.000000 -3.141593 -3.141593 -3.141593 0
SET 36.000000 0.000000 -12.000000 -3.141593 -3.141593 -3.141593 0
SET 36.000000 0.000000 -36.000000 -3.141593 -3.141593 -3.141593 0
SET 36.000000 0.000000 -44.000000 -3.141593 -3.141593 -3.141593 0
SET 44.000000 0.000000 -44.000000 -3.141593 -3.141593 -3.141593 0
SET 44.000000 0.000000 -36.000000 -3.141593 -3.141593 -3.141593 0
SET 28.000000 0.000000 -36.000000 -3.141593 -3.141593 -3.141593 0
SET 20.000000 0.000000 -36.000000 -3.141593 -3.141593 -3.141593 0
SET 28.000000 0.000000 -44.000000 -3.141593 -3.141593 -3.141593 0
SET 20.000000 0.000000 -44.000000 -3.141593 -3.141593 -3.141593 0
SET 12.000000 0.000000 -44.000000 -3.141593 -3.141593 -3.141593 0
SET 4.000000 0.000000 -44.000000 -3.141593 -3.141593 -3.141593 0
SET -4.000000 0.000000 -44.000000 -3.141593 -3.141593 -3.141593 0
SET -12.000000 0.000000 -44.000000 -3.141593 -3.141593 -3.141593 0
SET -20.000000 0.000000 -44.000000 -3.141593 -3.141593 -3.141593 0
SET -28.000000 0.000000 -44.000000 -3.141593 -3.141593 -3.141593 0
SET -36.000000 0.000000 -44.000000 -3.141593 -3.141593 -3.141593 0
SET -44.000000 0.000000 -44.000000 -3.141593 -3.141593 -3.141593 0
SET -44.000000 0.000000 -36.000000 -3.141593 -3.141593 -3.141593 0
SET -36.000000 0.000000 -36.000000 -3.141593 -3.141593 -3.141593 0
SET -28.000000 0.000000 -36.000000 -3.141593 -3.141593 -3.141593 0
SET -20.000000 0.000000 -36.000000 -3.141593 -3.141593 -3.141593 0
SET -12.000000 0.000000 -36.000000 -3.141593 -3.141593 -3.141593 0
SET -4.000000 0.000000 -36.000000 -3.141593 -3.141593 -3.141593 0
SET 4.000000 0.000000 -36.000000 -3.141593 -3.141593 -3.141593 0
SET 12.000000 0.000000 -36.000000 -3.141593 -3.141593 -3.141593 0
SET -36.000000 0.000000 -28.000000 -3.141593 -3.141593 -3.141593 0
SET -44.000000 0.000000 -28.000000 -3.141593 -3.141593 -3.141593 0
SET -44.000000 0.000000 -20.000000 -3.141593 -3.141593 -3.141593 0
SET -36.000000 0.000000 -20.000000 -3.141593 -3.141593 -3.141593 0
SET -36.000000 0.000000 -12.000000 -3.141593 -3.141593 -3.141593 0
SET -44.000000 0.000000 -12.000000 -3.141593 -3.141593 -3.141593 0
SET -44.000000 0.000000 -4.000000 -3.141593 -3.141593 -3.141593 0
SET -36.000000 0.000000 -4.000000 -3.141593 -3.141593 -3.141593 0
SET -36.000000 0.000000 4.000000 -3.141593 -3.141593 -3.141593 0
SET -44.000000 0.000000 4.000000 -3.141593 -3.141593 -3.141593 0
SET -44.000000 0.000000 12.000000 -3.141593 -3.141593 -3.141593 0
SET -36.000000 0.000000 12.000000 -3.141593 -3.141593 -3.141593 0
SET -36.000000 0.000000 20.000000 -3.141593 -3.141593 -3.141593 0
SET -44.000000 0.000000 20.000000 -3.141593 -3.141593 -3.141593 0
SET -44.000000 0.000000 28.000000 -3.141593 -3.141593 -3.141593 0
SET -36.000000 0.000000 28.000000 -3.141593 -3.141593 -3.141593 0
SET -36.000000 0.000000 36.000000 -3.141593 -3.141593 -3.141593 0
SET -44.000000 0.000000 36.000000 -3.141593 -3.141593 -3.141593 0
SET -44.000000 0.000000 44.000000 -3.141593 -3.141593 -3.141593 0
SET -36.000000 0.000000 44.000000 -3.141593 -3.141593 -3.141593 0
SET -28.000000 0.000000 44.000000 -3.141593 -3.141593 -3.141593 0
SET -28.000000 0.000000 36.000000 -3.141593 -3.141593 -3.141593 0
SET -20.000000 0.000000 36.000000 -3.141593 -3.141593 -3.141593 0
SET -20.000000 0.000000 44.000000 -3.141593 -3.141593 -3.141593 0
SET -12.000000 0.000000 44.000000 -3.141593 -3.141593 -3.141593 0
SET -12.000000 0.000000 36.000000 -3.141593 -3.141593 -3.141593 0
SET -4.000000 0.000000 36.000000 -3.141593 -3.141593 -3.141593 0
SET -4.000000 0.000000 44.000000 -3.141593 -3.141593 -3.141593 0
SET 4.000000 0.000000 44.000000 -3.141593 -3.141593 -3.141593 0
SET 4.000000 0.000000 36.000000 -3.141593 -3.141593 -3.141593 0
SET 12.000000 0.000000 36.000000 -3.141593 -3.141593 -3.141593 0
SET 12.000000 0.000000 44.000000 -3.141593 -3.141593 -3.141593 0
SET 20.000000 0.000000 44.000000 -3.141593 -3.141593 -3.141593 0
SET 20.000000 0.000000 36.000000 -3.141593 -3.141593 -3.141593 0
SET 28.000000 0.000000 36.000000 -3.141593 -3.141593 -3.141593 0
SET 28.000000 0.000000 44.000000 -3.141593 -3.141593 -3.141593 0
SET 36.000000 0.000000 44.000000 -3.141593 -3.141593 -3.141593 0
SET 44.000000 0.000000 44.000000 -3.141593 -3.141593 -3.141593 0
SET 44.000000 0.000000 36.000000 -3.141593 -3.141593 -3.141593 0
SET 36.000000 0.000000 36.000000 -3.141593 -3.141593 -3.141593 0
SET 36.000000 0.000000 28.000000 -3.141593 -3.141593 -3.141593 0
SET 44.000000 0.000000 28.000000 -3.141593 -3.141593 -3.141593 0
SET 44.000000 0.000000 20.000000 -3.141593 -3.141593 -3.141593 0
SET 36.000000 0.000000 20.000000 -3.141593 -3.141593 -3.141593 0
SET 36.000000 0.000000 12.000000 -3.141593 -3.141593 -3.141593 0
SET 44.000000 0.000000 12.000000 -3.141593 -3.141593 -3.141593 0
SET 44.000000 0.000000 4.000000 -3.141593 -3.141593 -3.141593 0
SET 36.000000 0.000000 4.000000 -3.141593 -3.141593 -3.141593 0
SET 36.000000 0.000000 -4.000000 -3.141593 -3.141593 -3.141593 0
SET 44.000000 0.000000 -4.000000 -3.141593 -3.141593 -3.141593 0
SET -44.000000 0.000000 -52.000000 -3.141593 -3.141593 -3.141593 0
SET -36.000000 0.000000 -52.000000 -3.141593 -3.141593 -3.141593 0
SET -28.000000 0.000000 -52.000000 -3.141593 -3.141593 -3.141593 0
SET -20.000000 0.000000 -52.000000 -3.141593 -3.141593 -3.141593 0
SET -12.000000 0.000000 -52.000000 -3.141593 -3.141593 -3.141593 0
SET -4.000000 0.000000 -52.000000 -3.141593 -3.141593 -3.141593 0
SET 4.000000 0.000000 -52.000000 -3.141593 -3.141593 -3.141593 0
SET 12.000000 0.000000 -52.000000 -3.141593 -3.141593 -3.141593 0
SET 20.000000 0.000000 -52.000000 -3.141593 -3.141593 -3.141593 0
SET 28.000000 0.000000 -52.000000 -3.141593 -3.141593 -3.141593 0
SET 36.000000 0.000000 -52.000000 -3.141593 -3.141593 -3.141593 0
SET 44.000000 0.000000 -52.000000 -3.141593 -3.141593 -3.141593 0
SET 52.000000 0.000000 -52.000000 -3.141593 -3.141593 -3.141593 0
SET 52.000000 0.000000 -44.000000 -3.141593 -3.141593 -3.141593 0
SET 52.000000 0.000000 -36.000000 -3.141593 -3.141593 -3.141593 0
SET 52.000000 0.000000 -28.000000 -3.141593 -3.141593 -3.141593 0
SET 52.000000 0.000000 -20.000000 -3.141593 -3.141593 -3.141593 0
SET 52.000000 0.000000 -12.000000 -3.141593 -3.141593 -3.141593 0
SET 52.000000 0.000000 -4.000000 -3.141593 -3.141593 -3.141593 0
SET 52.000000 0.000000 4.000000 -3.141593 -3.141593 -3.141593 0
SET 52.000000 0.000000 12.000000 -3.141593 -3.141593 -3.141593 0
SET 52.000000 0.000000 20.000000 -3.141593 -3.141593 -3.141593 0
SET 52.000000 0.000000 28.000000 -3.141593 -3.141593 -3.141593 0
SET 52.000000 0.000000 36.000000 -3.141593 -3.141593 -3.141593 0
SET 52.000000 0.000000 44.000000 -3.141593 -3.141593 -3.141593 0
SET 52.000000 0.000000 52.000000 -3.141593 -3.141593 -3.141593 0
SET 44.000000 0.000000 52.000000 -3.141593 -3.141593 -3.141593 0
SET 36.000000 0.000000 52.000000 -3.141593 -3.141593 -3.141593 0
SET 28.000000 0.000000 52.000000 -3.141593 -3.141593 -3.141593 0
SET 20.000000 0.000000 52.000000 -3.141593 -3.141593 -3.141593 0
SET 12.000000 0.000000 52.000000 -3.141593 -3.141593 -3.141593 0
SET 4.000000 0.000000 52.000000 -3.141593 -3.141593 -3.141593 0
SET -4.000000 0.000000 52.000000 -3.141593 -3.141593 -3.141593 0
SET -12.000000 0.000000 52.000000 -3.141593 -3.141593 -3.141593 0
SET -20.000000 0.000000 52.000000 -3.141593 -3.141593 -3.141593 0
SET -28.000000 0.000000 52.000000 -3.141593 -3.141593 -3.141593 0
SET -36.000000 0.000000 52.000000 -3.141593 -3.141593 -3.141593 0
SET -44.000000 0.000000 52.000000 -3.141593 -3.141593 -3.141593 0
SET -52.000000 0.000000 52.000000 -3.141593 -3.141593 -3.141593 0
SET -52.000000 0.000000 44.000000 -3.141593 -3.141593 -3.141593 0
SET -52.000000 0.000000 36.000000 -3.141593 -3.141593 -3.141593 0
SET -52.000000 0.000000 28.000000 -3.141593 -3.141593 -3.141593 0
SET -52.000000 0.000000 20.000000 -3.141593 -3.141593 -3.141593 0
SET -52.000000 0.000000 12.000000 -3.141593 -3.141593 -3.141593 0
SET -52.000000 0.000000 4.000000 -3.141593 -3.141593 -3.141593 0
SET -52.000000 0.000000 -4.000000 -3.141593 -3.141593 -3.141593 0
SET -52.000000 0.000000 -12.000000 -3.141593 -3.141593 -3.141593 0
SET -52.000000 0.000000 -20.000000 -3.141593 -3.141593 -3.141593 0
SET -52.000000 0.000000 -28.000000 -3.141593 -3.141593 -3.141593 0
SET -52.000000 0.000000 -36.000000 -3.141593 -3.141593 -3.141593 0
SET -52.000000 0.000000 -44.000000 -3.141593 -3.141593 -3.141593 0
SET -52.000000 0.000000 -52.000000 -3.141593 -3.141593 -3.141593 0
SET -52.000000 -8.000000 -52.000000 -3.141593 -3.141593 -3.141593 0
SET -44.000000 -8.000000 -52.000000 -3.141593 -3.141593 -3.141593 0
SET -36.000000 -8.000000 -52.000000 -3.141593 -3.141593 -3.141593 0
SET -28.000000 -8.000000 -52.000000 -3.141593 -3.141593 -3.141593 0
SET -20.000000 -8.000000 -52.000000 -3.141593 -3.141593 -3.141593 0
SET -12.000000 -8.000000 -52.000000 -3.141593 -3.141593 -3.141593 0
SET -4.000000 -8.000000 -52.000000 -3.141593 -3.141593 -3.141593 0
SET -4.000000 -16.000000 -52.000000 -3.141593 -3.141593 -3.141593 0
SET -12.000000 -16.000000 -52.000000 -3.141593 -3.141593 -3.141593 0
SET -20.000000 -16.000000 -52.000000 -3.141593 -3.141593 -3.141593 0
SET -28.000000 -16.000000 -52.000000 -3.141593 -3.141593 -3.141593 0
SET -36.000000 -16.000000 -52.000000 -3.141593 -3.141593 -3.141593 0
SET -44.000000 -16.000000 -52.000000 -3.141593 -3.141593 -3.141593 0
SET -52.000000 -16.000000 -52.000000 -3.141593 -3.141593 -3.141593 0
SET 4.000000 -16.000000 -52.000000 -3.141593 -3.141593 -3.141593 0
SET 12.000000 -16.000000 -52.000000 -3.141593 -3.141593 -3.141593 0
SET 20.000000 -16.000000 -52.000000 -3.141593 -3.141593 -3.141593 0
SET 28.000000 -16.000000 -52.000000 -3.141593 -3.141593 -3.141593 0
SET 36.000000 -16.000000 -52.000000 -3.141593 -3.141593 -3.141593 0
SET 44.000000 -16.000000 -52.000000 -3.141593 -3.141593 -3.141593 0
SET 52.000000 -16.000000 -52.000000 -3.141593 -3.141593 -3.141593 0
SET 52.000000 -8.000000 -52.000000 -3.141593 -3.141593 -3.141593 0
SET 44.000000 -8.000000 -52.000000 -3.141593 -3.141593 -3.141593 0
SET 36.000000 -8.000000 -52.000000 -3.141593 -3.141593 -3.141593 0
SET 28.000000 -8.000000 -52.000000 -3.141593 -3.141593 -3.141593 0
SET 20.000000 -8.000000 -52.000000 -3.141593 -3.141593 -3.141593 0
SET 4.000000 -8.000000 -52.000000 -3.141593 -3.141593 -3.141593 0
SET 12.000000 -8.000000 -52.000000 -3.141593 -3.141593 -3.141593 0
OBJ3DSET_END
