SET 0.000000 -8.000000 0.000000 -3.141593 -3.141593 -3.141593 0
SET -8.000000 -8.000000 0.000000 -3.141593 -3.141593 -3.141593 0
SET -16.000000 -8.000000 0.000000 -3.141593 -3.141593 -3.141593 0
SET -24.000000 -8.000000 0.000000 -3.141593 -3.141593 -3.141593 0
SET 8.000000 -8.000000 0.000000 -3.141593 -3.141593 -3.141593 0
SET 16.000000 -8.000000 0.000000 -3.141593 -3.141593 -3.141593 0
SET 24.000000 -8.000000 0.000000 -3.141593 -3.141593 -3.141593 0
SET 32.000000 -8.000000 0.000000 -3.141593 -3.141593 -3.141593 0
SET 40.000000 -8.000000 0.000000 -3.141593 -3.141593 -3.141593 0
SET -32.000000 -8.000000 0.000000 -3.141593 -3.141593 -3.141593 0
SET -40.000000 -8.000000 0.000000 -3.141593 -3.141593 -3.141593 0
SET -48.000000 -8.000000 0.000000 -3.141593 -3.141593 -3.141593 0
SET -56.000000 -8.000000 0.000000 -3.141593 -3.141593 -3.141593 0
SET -64.000000 -8.000000 0.000000 -3.141593 -3.141593 -3.141593 0
SET 48.000000 -8.000000 0.000000 -3.141593 -3.141593 -3.141593 0
SET 56.000000 -8.000000 0.000000 -3.141593 -3.141593 -3.141593 0
SET 64.000000 -8.000000 0.000000 -3.141593 -3.141593 -3.141593 0
SET 0.000000 -8.000000 -8.000000 -3.141593 -3.141593 -3.141593 0
SET -8.000000 -8.000000 -8.000000 -3.141593 -3.141593 -3.141593 0
SET -16.000000 -8.000000 -8.000000 -3.141593 -3.141593 -3.141593 0
SET -24.000000 -8.000000 -8.000000 -3.141593 -3.141593 -3.141593 0
SET 8.000000 -8.000000 -8.000000 -3.141593 -3.141593 -3.141593 0
SET 16.000000 -8.000000 -8.000000 -3.141593 -3.141593 -3.141593 0
SET 24.000000 -8.000000 -8.000000 -3.141593 -3.141593 -3.141593 0
SET 32.000000 -8.000000 -8.000000 -3.141593 -3.141593 -3.141593 0
SET 40.000000 -8.000000 -8.000000 -3.141593 -3.141593 -3.141593 0
SET -32.000000 -8.000000 -8.000000 -3.141593 -3.141593 -3.141593 0
SET -40.000000 -8.000000 -8.000000 -3.141593 -3.141593 -3.141593 0
SET -48.000000 -8.000000 -8.000000 -3.141593 -3.141593 -3.141593 0
SET -56.000000 -8.000000 -8.000000 -3.141593 -3.141593 -3.141593 0
SET -64.000000 -8.000000 -8.000000 -3.141593 -3.141593 -3.141593 0
SET 48.000000 -8.000000 -8.000000 -3.141593 -3.141593 -3.141593 0
SET 56.000000 -8.000000 -8.000000 -3.141593 -3.141593 -3.141593 0
SET 64.000000 -8.000000 -8.000000 -3.141593 -3.141593 -3.141593 0
SET -64.000000 -12.000000 -16.000000 -3.141593 -3.141593 -3.141593 0
SET -56.000000 -12.000000 -16.000000 -3.141593 -3.141593 -3.141593 0
SET -48.000000 -12.000000 -16.000000 -3.141593 -3.141593 -3.141593 0
SET -40.000000 -12.000000 -16.000000 -3.141593 -3.141593 -3.141593 0
SET -32.000000 -12.000000 -16.000000 -3.141593 -3.141593 -3.141593 0
SET -24.000000 -12.000000 -16.000000 -3.141593 -3.141593 -3.141593 0
SET -16.000000 -12.000000 -16.000000 -3.141593 -3.141593 -3.141593 0
SET -8.000000 -12.000000 -16.000000 -3.141593 -3.141593 -3.141593 0
SET 0.000000 -12.000000 -16.000000 -3.141593 -3.141593 -3.141593 0
SET 8.000000 -12.000000 -16.000000 -3.141593 -3.141593 -3.141593 0
SET 16.000000 -12.000000 -16.000000 -3.141593 -3.141593 -3.141593 0
SET 24.000000 -12.000000 -16.000000 -3.141593 -3.141593 -3.141593 0
SET 32.000000 -12.000000 -16.000000 -3.141593 -3.141593 -3.141593 0
SET 40.000000 -12.000000 -16.000000 -3.141593 -3.141593 -3.141593 0
SET 48.000000 -12.000000 -16.000000 -3.141593 -3.141593 -3.141593 0
SET 56.000000 -12.000000 -16.000000 -3.141593 -3.141593 -3.141593 0
SET 64.000000 -12.000000 -16.000000 -3.141593 -3.141593 -3.141593 0
SET 72.000000 -12.000000 -16.000000 -3.141593 -3.141593 -3.141593 0
SET 72.000000 -12.000000 -8.000000 -3.141593 -3.141593 -3.141593 0
SET -72.000000 -12.000000 -8.000000 -3.141593 -3.141593 -3.141593 0
SET -72.000000 -12.000000 -16.000000 -3.141593 -3.141593 -3.141593 0
SET -72.000000 -4.000000 -8.000000 -3.141593 -3.141593 -3.141593 1
SET -68.000000 -4.000000 -16.000000 -3.141593 -3.141593 -3.141593 1
SET -52.000000 -4.000000 -16.000000 -3.141593 -1.570796 -3.141593 1
SET -32.000000 -4.000000 -16.000000 -3.141593 -1.570796 -3.141593 1
SET 4.000000 -4.000000 -16.000000 -3.141593 -1.570796 -3.141593 1
SET 64.000000 -4.000000 -16.000000 -3.141593 -3.141593 -3.141593 1
SET 72.000000 -4.000000 -8.000000 -3.141593 -1.570796 -3.141593 1
SET 12.000000 -4.000000 -16.000000 -3.141593 0.000000 -3.141593 1
SET -64.000000 -8.000000 8.000000 -3.141593 -3.141593 -3.141593 0
SET -56.000000 -8.000000 8.000000 -3.141593 -3.141593 -3.141593 0
SET -48.000000 -8.000000 8.000000 -3.141593 -3.141593 -3.141593 0
SET -40.000000 -8.000000 8.000000 -3.141593 -3.141593 -3.141593 0
SET -32.000000 -8.000000 8.000000 -3.141593 -3.141593 -3.141593 0
SET -24.000000 -8.000000 8.000000 -3.141593 -3.141593 -3.141593 0
SET -16.000000 -8.000000 8.000000 -3.141593 -3.141593 -3.141593 0
SET -8.000000 -8.000000 8.000000 -3.141593 -3.141593 -3.141593 0
SET 0.000000 -8.000000 8.000000 -3.141593 -3.141593 -3.141593 0
SET 8.000000 -8.000000 8.000000 -3.141593 -3.141593 -3.141593 0
SET 16.000000 -8.000000 8.000000 -3.141593 -3.141593 -3.141593 0
SET 24.000000 -8.000000 8.000000 -3.141593 -3.141593 -3.141593 0
SET 32.000000 -8.000000 8.000000 -3.141593 -3.141593 -3.141593 0
SET 40.000000 -8.000000 8.000000 -3.141593 -3.141593 -3.141593 0
SET 48.000000 -8.000000 8.000000 -3.141593 -3.141593 -3.141593 0
SET 56.000000 -8.000000 8.000000 -3.141593 -3.141593 -3.141593 0
SET 64.000000 -8.000000 8.000000 -3.141593 -3.141593 -3.141593 0
SET 56.000000 -8.000000 16.000000 -3.141593 -3.141593 -3.141593 0
SET 48.000000 -8.000000 16.000000 -3.141593 -3.141593 -3.141593 0
SET 40.000000 -8.000000 16.000000 -3.141593 -3.141593 -3.141593 0
SET 32.000000 -8.000000 16.000000 -3.141593 -3.141593 -3.141593 0
SET 24.000000 -8.000000 16.000000 -3.141593 -3.141593 -3.141593 0
SET 16.000000 -8.000000 16.000000 -3.141593 -3.141593 -3.141593 0
SET 8.000000 -8.000000 16.000000 -3.141593 -3.141593 -3.141593 0
SET 0.000000 -8.000000 16.000000 -3.141593 -3.141593 -3.141593 0
SET -8.000000 -8.000000 16.000000 -3.141593 -3.141593 -3.141593 0
SET -16.000000 -8.000000 16.000000 -3.141593 -3.141593 -3.141593 0
SET -24.000000 -8.000000 16.000000 -3.141593 -3.141593 -3.141593 0
SET -32.000000 -8.000000 16.000000 -3.141593 -3.141593 -3.141593 0
SET -40.000000 -8.000000 16.000000 -3.141593 -3.141593 -3.141593 0
SET -48.000000 -8.000000 16.000000 -3.141593 -3.141593 -3.141593 0
SET -56.000000 -8.000000 16.000000 -3.141593 -3.141593 -3.141593 0
SET -60.000000 -12.000000 12.000000 -3.141593 2.356195 -3.141593 0
SET 60.000000 -12.000000 12.000000 -3.141593 -2.356194 -3.141593 0
SET 68.000000 -12.000000 -4.000000 -3.141593 -2.356194 -3.141593 0
SET -68.000000 -12.000000 -4.000000 -3.141593 -2.356194 -3.141593 0
OBJ3DSET_END
